7161
1677
8514
26038
23261
65018
10657
9132
6513
4595
2301
1996
1031
4774
3491
24
7482
103
477
4359
4653
79577
2494
3664
5629
7159
114548
3398
4613
2646
6683
2956
2492
6697
7849
9839
56475
6323
3239
1281
30061
23314
7341
659
7520
5077
10494
10752
9901
7428
51738
5468
6599
11186
7086
4286
27086
6091
84925
27032
668
545
6476
7012
6657
4976
7037
2261
3954
6452
4487
3516
8929
10117
5602
5311
6622
5308
287
4085
10733
55294
7015
9037
2668
2255
5295
324
10111
4090
1958
6949
4869
1482
4488
64324
2296
1832
9521
7146
7148
3159
860
23607
6785
4907
6492
1300
5071
7291
2737
2645
8468
2006
3984
5982
9569
2969
653361
889
1278
7979
5649
93986
857
7982
673
6469
3110
2626
4824
2260
55636
10987
2138
7227
1761
10655
4300
1029
1030
573
5079
2650
4920
5727
2516
4010
2022
7248
1289
4851
79813
1316
2625
310
5728
5076
2253
9184
1028
4928
5080
7490
2132
60529
2237
7536
2248
8322
472
3014
2313
4798
11331
2120
1027
1280
3852
4618
3479
488
6910
6926
6927
675
2308
5925
7546
3981
1690
64067
7080
5083
652
2643
4990
5890
64919
161742
701
54567
2200
8854
7168
1583
641
7026
30812
7249
5310
1387
8651
5620
5619
368
51327
6299
865
10664
51741
2294
2303
7531
3090
5048
7157
5376
8533
10743
7156
6470
84282
4763
23512
7703
317719
6777
6776
8678
672
2896
4137
1442
11232
5573
6662
9368
25794
1828
1829
6925
2235
4160
2587
27164
6794
10908
6261
7040
6223
1760
1406
26121
182
5075
8200
3172
57167
4159
8480
2778
1908
3785
54345
6526
861
1859
1291
5625
9993
7290
6899
1312
65078
51586
8216
6598
4627
6663
2192
5465
85358
6473
286530
57502
6399
6191
1438